procs -----------memory---------- ---swap-- -----io---- -system-- ------cpu-----
 r  b   swpd   free   buff  cache   si   so    bi    bo   in   cs us sy id wa st
 1  1      0 4539536  44636 4426772    0    0   298   461  122   91  2  9 88  1  0
 1  0      0 4539536  44636 4426772    0    0     0  1236 1799 1708  1  2 97  0  0
 3  0      0 4539536  44636 4426772    0    0     0     0  380  209  0  0 100  0  0
 1  0      0 4539536  44636 4426772    0    0     0     0  349  168  0  0 100  0  0
 1  0      0 4539536  44636 4426772    0    0     0    60  377  211  0  0 100  0  0
 2  2      0 4539536  44636 4426772    0    0     0    76  491  230  0  0 100  0  0
 1  0      0 4539536  44636 4426772    0    0     0   304  446  254  0  0 99  0  0
 1  0      0 4539536  44636 4426772    0    0     0     0  838 1347  1  1 98  0  0
 1  0      0 4539536  44636 4426772    0    0     0     0  395  169  0  0 100  0  0
 1  0      0 4539536  44636 4426772    0    0     0     0  535  161  0  0 100  0  0
 9  0      0 4539536  44636 4426772    0    0     0    88  543  231  1  0 99  0  0
 4  1      0 4539536  44636 4426772    0    0     0 59308 3373 5438  4  5 81 10  0
 9  0      0 4539536  44636 4426772    0    0     0    44 1038  630 14 33 50  4  0
 8  0      0 4539536  44636 4426772    0    0     0    24 1451 1540 17 25 49  9  0
 4  0      0 4539536  44636 4426772    0    0     0   324 2890 3980  8  4 78 10  0
 5  0      0 4539536  44636 4426772    0    0     0    40 2693 4339  3  0 86 11  0
 4  0      0 4539536  44636 4426772    0    0     0    40 3304 4423  6  1 83 10  0
 7  0      0 4539536  44636 4426772    0    0     0    20 2729 4571  3  0 85 11  0
14  0      0 4539536  44636 4426772    0    0     0    24 4295 8376  1  1 87 11  0
 4  1      0 4539536  44636 4426772    0    0     0    24 4196 6027 19  2 72  6  0
 3  1      0 4539536  44636 4426772    0    0     0    24 2803 3677 23  1 71  5  0
procs -----------memory---------- ---swap-- -----io---- -system-- ------cpu-----
 r  b   swpd   free   buff  cache   si   so    bi    bo   in   cs us sy id wa st
 3  1      0 4539536  44636 4426772    0    0     0    40 2624 3603 20  1 73  5  0
 3  1      0 4539536  44636 4426772    0    0     0    36 2933 3872 24  1 70  5  0
 5  0      0 4539536  44636 4426772    0    0     0   248 3131 5229 11  1 81  7  0
 5  1      0 4539536  44636 4426772    0    0    52   240 2215 2658  8 16 69  7  0
 6  1      0 4539536  44636 4426772    0    0     0    52 1358 1311 14 20 61  5  0
 5  0      0 4539536  44636 4426772    0    0     0   320 2240 4239  7  4 80  8  0
 4  0      0 4539536  44636 4426772    0    0     0    44 2328 3466 14  4 75  7  0
 4  0      0 4539536  44636 4426772    0    0     0    20 1650 4602  9  1 80 10  0
 3  0      0 4539536  44636 4426772    0    0     0    40 2302 3970 15  1 76  7  0
10  0      0 4539536  44636 4426772    0    0     0    28 1380 5109  1  2 85 12  0
 7  0      0 4539536  44636 4426772    0    0     0    48 2280 3848 20  4 70  6  0
 7  0      0 4539536  44636 4426772    0    0     0    20 1473 4714  4  2 83 11  0
 4  0      0 4539536  44636 4426772    0    0     0    44 1687 2179 21  4 70  5  0
 7  0      0 4539536  44636 4426772    0    0     0    40 2634 3912 23  1 70  6  0
14  0      0 4539536  44636 4426772    0    0     0    20 4490 11777 16  2 74  8  0
 6  1      0 4539536  44636 4426772    0    0     0    24 2402 8248  1  0 88 11  0
 4  1      0 4539536  44636 4426772    0    0     0   608 3843 4553 16 21 58  5  0
 8  1      0 4539536  44636 4426772    0    0     0    44 3131 6208  1  1 91  8  0
 3  0      0 4539536  44636 4426772    0    0     0    48 4057 4442 26  2 66  5  0
 3  1      0 4539536  44636 4426772    0    0     0    40 3804 6370 18  1 75  6  0
 3  1      0 4539536  44636 4426772    0    0     0    40 3003 4280 24  1 70  5  0
procs -----------memory---------- ---swap-- -----io---- -system-- ------cpu-----
 r  b   swpd   free   buff  cache   si   so    bi    bo   in   cs us sy id wa st
 3  1      0 4539536  44636 4426772    0    0     0    40 3564 6454  3  0 89  7  0
 4  0      0 4539536  44636 4426772    0    0     0    40 3803 4811 23  1 71  5  0
 4  0      0 4539536  44636 4426772    0    0     0    60 3213 5216 13  1 80  6  0
 8  0      0 4539536  44636 4426772    0    0     0    20 2833 3490 23  2 70  5  0
 3  1      0 4539536  44636 4426772    0    0     0    32 1891 2761 12  2 80  6  0
 6  0      0 4539536  44636 4426772    0    0     8   632 4243 7489 10  1 81  8  0
 5  1      0 4539536  44636 4426772    0    0     0   224 1525 1194 18 30 46  6  0
14  0      0 4539536  44636 4426772    0    0     0    24 2180 2266 26 23 46  5  0
 4  0      0 4539536  44636 4426772    0    0     0   412 3572 4570 23  5 68  4  0
14  1      0 4539536  44636 4426772    0    0     0    24 3655 5326 22  3 71  4  0
 7  0      0 4539536  44636 4426772    0    0     0    24 5204 9267  9  1 84  7  0
 3  0      0 4539536  44636 4426772    0    0     0    24 3675 4713 25  4 67  4  0
 6  0      0 4539536  44636 4426772    0    0     0    24 3768 5968 24  1 71  5  0
 4  0      0 4539536  44636 4426772    0    0     0    24 3768 5718 24  1 71  5  0
 4  1      0 4539536  44636 4426772    0    0     0    24 4140 7970  3  0 88  8  0
 5  0      0 4539536  44636 4426772    0    0     0    24 4051 5525 24  1 70  5  0
 3  1      0 4539536  44636 4426772    0    0     0   144 3965 6130 21  1 72  5  0
 8  1      0 4539536  44636 4426772    0    0     0    20 2627 5189  0  0 92  7  0
 5  0      0 4539536  44636 4426772    0    0     0   848 6509 10644  7  5 81  7  0
 9  0      0 4539536  44636 4426772    0    0     0    36 2894 4760  2  1 86 11  0
 4  1      0 4539536  44636 4426772    0    0     0    20 3372 4676  5  2 83 10  0
procs -----------memory---------- ---swap-- -----io---- -system-- ------cpu-----
 r  b   swpd   free   buff  cache   si   so    bi    bo   in   cs us sy id wa st
 9  0      0 4539536  44636 4426772    0    0     0    20 2168 2516  3  0 86 10  0
 4  1      0 4539536  44636 4426772    0    0     0    20 1023 1124  7  9 76  8  0
 3  1      0 4539536  44636 4426772    0    0     0    20 1463 1806 10  2 78 10  0
 1  0      0 4539536  44636 4426772    0    0     0    20 1304 1858  8  1 81 10  0
 1  0      0 4539536  44636 4426772    0    0     0     0  745  211  0  1 99  0  0
 1  0      0 4539536  44636 4426772    0    0     0     0  345  171  0  0 100  0  0
 4  0      0 4539536  44636 4426772    0    0     0     0 1078  631  1  6 93  0  0
 1  0      0 4539536  44636 4426772    0    0     0     0 1310 1463  1  4 95  0  0
 2  0      0 4539536  44636 4426772    0    0     0     0  419  218  0  0 100  0  0
 2  0      0 4539536  44636 4426772    0    0     0    24  457  243  0  1 98  1  0
 1  0      0 4539536  44636 4426772    0    0     0     0  405  190  0  0 100  0  0
11  0      0 4539536  44636 4426772    0    0     0    44  379  224  0  2 96  2  0
 1  0      0 4539536  44636 4426772    0    0     0   236  666  740  0  1 99  0  0
 2  0      0 4539536  44636 4426772    0    0     0     0  411  270  1  0 99  0  0
 1  0      0 4539536  44636 4426772    0    0     0     8  508  379  1  0 99  0  0
 1  0      0 4539536  44636 4426772    0    0   180    16  579  369  0  0 99  0  0
 1  0      0 4539536  44636 4426772    0    0     0     0  356  177  0  0 100  0  0
 1  0      0 4539536  44636 4426772    0    0    28     0 1838 1998  1  4 95  0  0
 1  0      0 4539536  44636 4426772    0    0     0     0  337  166  0  0 100  0  0
 1  0      0 4539536  44636 4426772    0    0     0     0  347  204  0  0 100  0  0
 1  0      0 4539536  44636 4426772    0    0     0    80  378  225  0  0 100  0  0
procs -----------memory---------- ---swap-- -----io---- -system-- ------cpu-----
 r  b   swpd   free   buff  cache   si   so    bi    bo   in   cs us sy id wa st
 1  0      0 4539536  44636 4426772    0    0     0     0  541  415  2  0 97  0  0
 1  0      0 4539536  44636 4426772    0    0     0   264  423  254  0  0 99  0  0
 2  0      0 4539536  44636 4426772    0    0     0     0  425  316  1  0 99  0  0
 1  0      0 4539536  44636 4426772    0    0     0     0  991  719  0  4 96  0  0
 1  0      0 4539536  44636 4426772    0    0     0   184 1207 1067  2  1 97  0  0
 1  0      0 4539536  44636 4426772    0    0     0    88  782  417  1  0 99  0  0
 2  0      0 4539536  44636 4426772    0    0     4     0 1017  594  2  5 93  0  0
 1  0      0 4539536  44636 4426772    0    0     0     0 1929 1972  1  3 96  0  0
 1  0      0 4539536  44636 4426772    0    0     0     0  795  430  1  4 96  0  0
 3  0      0 4539536  44636 4426772    0    0 13572     0 2888 2995  1  2 90  8  0
 2  0      0 4539536  44636 4426772    0    0 20400     0 3633 4426  1  2 90  7  0
 1  1      0 4539536  44636 4426772    0    0 22160   480 3291 3046  0  1 91  8  0
 1  1      0 4539536  44636 4426772    0    0 19280     0 2839 2612  0  1 91  8  0
 1  0      0 4539536  44636 4426772    0    0  7104    12 1377 1160  0  0 97  3  0
 1  0      0 4539536  44636 4426772    0    0     0     0  371  203  0  0 100  0  0
 1  0      0 4539536  44636 4426772    0    0     0     0  347  178  0  0 100  0  0
 1  0      0 4539536  44636 4426772    0    0     0    56  546  404  2  0 98  0  0
 1  0      0 4539536  44636 4426772    0    0     0     0 1939 2073  2  7 91  0  0
 1  0      0 4539536  44636 4426772    0    0     0   340  457  253  0  1 98  0  0
 1  0      0 4539536  44636 4426772    0    0     0     0  544  517  2  0 98  0  0
 1  0      0 4539536  44636 4426772    0    0     0     0  483  323  1  0 99  0  0
procs -----------memory---------- ---swap-- -----io---- -system-- ------cpu-----
 r  b   swpd   free   buff  cache   si   so    bi    bo   in   cs us sy id wa st
 1  0      0 4539536  44636 4426772    0    0     0     0  955  762  1  1 97  0  0
 1  0      0 4539536  44636 4426772    0    0  6512   108 1152  743  1  1 96  1  0
 2  0      0 4539536  44636 4426772    0    0     0     0  951 1073  0  0 99  0  0
 2  0      0 4539536  44636 4426772    0    0     0     0 1057 1313  1  2 98  0  0
 3  0      0 4539536  44636 4426772    0    0     0     0 1049 1033  1  1 98  0  0
 1  0      0 4539536  44636 4426772    0    0     0   136 1530 1979  1  3 95  0  0
 2  0      0 4539536  44636 4426772    0    0     0     0 1946 2266  2  7 91  0  0
 1  0      0 4539536  44636 4426772    0    0     0     0 1253 1269  1  1 98  0  0
 1  0      0 4539536  44636 4426772    0    0     0     0  924  808  1  1 98  0  0
 1  0      0 4539536  44636 4426772    0    0     0     0  657  292  0  0 100  0  0
 1  1      0 4539536  44636 4426772    0    0     0   132  638  438  1  1 98  0  0
 1  0      0 4539536  44636 4426772    0    0     0   336  662  498  1  1 98  0  0
 2  0      0 4539536  44636 4426772    0    0     0   188  734  865  0  1 99  0  0
 1  0      0 4539536  44636 4426772    0    0     0     0  696 1052  0  0 100  0  0
 1  0      0 4539536  44636 4426772    0    0     0     0  358  222  0  0 100  0  0
 1  0      0 4539536  44636 4426772    0    0     0   160  414  202  0  0 100  0  0
 1  0      0 4539536  44636 4426772    0    0     0     0  341  174  0  0 100  0  0
 1  0      0 4539536  44636 4426772    0    0     0     0 1674 1763  1  4 95  0  0
 1  0      0 4539536  44636 4426772    0    0     0    24  491  463  0  0 100  0  0
 1  0      0 4539536  44636 4426772    0    0     0     0  409  333  0  0 100  0  0
 1  0      0 4539536  44636 4426772    0    0     0     0  346  188  0  0 100  0  0
procs -----------memory---------- ---swap-- -----io---- -system-- ------cpu-----
 r  b   swpd   free   buff  cache   si   so    bi    bo   in   cs us sy id wa st
 1  0      0 4539536  44636 4426772    0    0     0     0  353  177  0  0 100  0  0
 1  0      0 4539536  44636 4426772    0    0     0   256  424  194  0  0 100  0  0
 1  0      0 4539536  44636 4426772    0    0     0    12  374  194  0  0 100  0  0
 1  0      0 4539536  44636 4426772    0    0     0    16  354  163  0  0 100  0  0
 1  0      0 4539536  44636 4426772    0    0     0     0  347  177  0  0 100  0  0
 1  0      0 4539536  44636 4426772    0    0     0     0  344  146  0  0 100  0  0
 1  0      0 4539536  44636 4426772    0    0     0     0 1617 1838  1  2 98  0  0
 1  0      0 4539536  44636 4426772    0    0     0     0  390  233  0  0 100  0  0
 1  0      0 4539536  44636 4426772    0    0     0     0  384  201  0  0 100  0  0
 1  0      0 4539536  44636 4426772    0    0     0    24  350  176  0  0 100  0  0
 1  0      0 4539536  44636 4426772    0    0     0     0  337  158  0  0 100  0  0
 1  0      0 4539536  44636 4426772    0    0     0   260  400  197  0  0 99  0  0
 1  0      0 4539536  44636 4426772    0    0     0     0  501  413  0  0 100  0  0
 1  0      0 4539536  44636 4426772    0    0     0     0  405  244  0  0 100  0  0
 1  0      0 4539536  44636 4426772    0    0     0     4  375  155  0  0 100  0  0
 1  0      0 4539536  44636 4426772    0    0     0    32  381  176  0  0 100  0  0
 5  0      0 4539536  44636 4426772    0    0     0     0  962  768  1  1 98  0  0
 1  0      0 4539536  44636 4426772    0    0     0     0 1119 1368  0  1 99  0  0
 1  0      0 4539536  44636 4426772    0    0     0     0  351  169  0  0 100  0  0
 3  0      0 4539536  44636 4426772    0    0     0     0  407  163  0  1 99  0  0
 1  0      0 4539536  44636 4426772    0    0     0    12  413  169  0  0 100  0  0
procs -----------memory---------- ---swap-- -----io---- -system-- ------cpu-----
 r  b   swpd   free   buff  cache   si   so    bi    bo   in   cs us sy id wa st
 2  1      0 4539536  44636 4426772    0    0     0    68  387  191  0  1 99  0  0
 1  0      0 4539536  44636 4426772    0    0     0   212  471  205  0  1 99  0  0
 1  0      0 4539536  44636 4426772    0    0     0     0  340  151  0  0 100  0  0
 1  0      0 4539536  44636 4426772    0    0     0     0  371  176  0  0 100  0  0
 1  0      0 4539536  44636 4426772    0    0     0     0  351  161  0  0 100  0  0
 1  0      0 4539536  44636 4426772    0    0     0     8  362  163  0  0 100  0  0
 5  0      0 4539536  44636 4426772    0    0     0    16 1091  825  1 19 80  0  0
11  0      0 4539536  44636 4426772    0    0     0   112 1104  663  1 31 66  2  0
 4  0      0 4539536  44636 4426772    0    0     0   120 1153 1242  1 16 80  3  0
 2  0      0 4539536  44636 4426772    0    0     0    24  620  447  0  6 93  1  0
 2  0      0 4539536  44636 4426772    0    0     0     0  369  163  0  1 99  0  0
 1  0      0 4539536  44636 4426772    0    0     0   216  467  221  0  2 98  0  0
 1  0      0 4539536  44636 4426772    0    0     0     8  407  193  0  1 99  0  0
 2  0      0 4539536  44636 4426772    0    0     0     0  344  168  0  1 99  0  0
 1  0      0 4539536  44636 4426772    0    0     0     0  393  166  0  0 99  0  0
 1  0      0 4539536  44636 4426772    0    0     0    40  410  211  0  1 98  0  0
 1  0      0 4539536  44636 4426772    0    0     0     0  492  282  0  1 99  0  0
 1  0      0 4539536  44636 4426772    0    0     0     0  582  685  0  0 99  0  0
 1  0      0 4539536  44636 4426772    0    0     0     0  422  290  1  0 99  0  0
 1  0      0 4539536  44636 4426772    0    0     0     0 1703 1952  1  3 96  0  0
 2  0      0 4539536  44636 4426772    0    0     0    12  441  346  0  0 100  0  0
procs -----------memory---------- ---swap-- -----io---- -system-- ------cpu-----
 r  b   swpd   free   buff  cache   si   so    bi    bo   in   cs us sy id wa st
 1  0      0 4539536  44636 4426772    0    0     0    24  512  346  1  0 99  0  0
 1  0      0 4539536  44636 4426772    0    0   144   188  593  436  1  1 98  0  0
 2  0      0 4539536  44636 4426772    0    0     0     0  540  619  0  1 98  0  0
 1  0      0 4539536  44636 4426772    0    0     0   260  799 1038  1  1 98  0  0
 1  0      0 4539536  44636 4426772    0    0     0     0  384  213  0  0 100  0  0
 1  0      0 4539536  44636 4426772    0    0     0    60  425  227  0  0 100  0  0
 1  0      0 4539536  44636 4426772    0    0     0     0  348  195  0  0 100  0  0
 1  0      0 4539536  44636 4426772    0    0     0    12  349  163  0  0 100  0  0
 2  0      0 4539536  44636 4426772    0    0     0     0  433  318  1  1 99  0  0
 1  0      0 4539536  44636 4426772    0    0     0     0 1636 1959  1  4 95  0  0
 1  0      0 4539536  44636 4426772    0    0     0     0  782 1416  0  0 100  0  0
 1  0      0 4539536  44636 4426772    0    0     0     0  363  181  0  0 100  0  0
 1  0      0 4539536  44636 4426772    0    0     0     0  377  190  0  0 100  0  0
 1  0      0 4539536  44636 4426772    0    0     0    24  373  164  0  0 100  0  0
 1  0      0 4539536  44636 4426772    0    0     0   256  446  225  0  1 99  0  0
 1  0      0 4539536  44636 4426772    0    0     0     0  360  172  0  0 100  0  0
 2  0      0 4539536  44636 4426772    0    0     0     0  382  197  0  0 100  0  0
 1  0      0 4539536  44636 4426772    0    0     0     0  356  161  0  0 100  0  0
 1  0      0 4539536  44636 4426772    0    0     0     4  406  188  0  0 100  0  0
 6  0      0 4539536  44636 4426772    0    0     0    32 1176  839  2 11 86  0  0
 1  0      0 4539536  44636 4426772    0    0     0     0 1475 1583  2 10 88  0  0
procs -----------memory---------- ---swap-- -----io---- -system-- ------cpu-----
 r  b   swpd   free   buff  cache   si   so    bi    bo   in   cs us sy id wa st
 1  0      0 4539536  44636 4426772    0    0     0     0  373  178  0  0 100  0  0
 1  0      0 4539536  44636 4426772    0    0     0     8  402  199  0  0 100  0  0
 1  0      0 4539536  44636 4426772    0    0     0     0  385  176  0  0 100  0  0
 1  0      0 4539536  44636 4426772    0    0     0   332  465  226  0  1 99  0  0
 2  0      0 4539536  44636 4426772    0    0     0     0  374  171  0  0 100  0  0
 1  0      0 4539536  44636 4426772    0    0     0     0  394  219  0  0 100  0  0
 1  0      0 4539536  44636 4426772    0    0     0     0  354  170  0  0 100  0  0
 1  0      0 4539536  44636 4426772    0    0     0     0  365  181  0  0 100  0  0
 1  0      0 4539536  44636 4426772    0    0     0    24  375  178  0  0 100  0  0
 6  0      0 4539536  44636 4426772    0    0     0    16  758  524  1  3 96  0  0
 4  0      0 4539536  44636 4426772    0    0     0     0 1298 1299  3 16 82  0  0
 1  0      0 4539536  44636 4426772    0    0     0     0  690  565  0  3 97  0  0
 2  0      0 4539536  44636 4426772    0    0     0     0  781 1283  0  0 99  0  0
 2  0      0 4539536  44636 4426772    0    0     0     0 2097 2801  6  2 92  0  0
 1  0      0 4539536  44636 4426772    0    0     0   308  689  571  1  1 98  0  0
 1  0      0 4539536  44636 4426772    0    0     0     0  399  209  0  0 100  0  0
 1  0      0 4539536  44636 4426772    0    0     0     0  365  175  0  0 100  0  0
 2  0      0 4539536  44636 4426772    0    0     0     0  573  658  2  0 97  0  0
 1  0      0 4539536  44636 4426772    0    0     0     0 1849 2985  3  2 95  0  0
 1  0      0 4539536  44636 4426772    0    0     0    24  383  201  0  0 100  0  0
 1  0      0 4539536  44636 4426772    0    0     0     0  376  203  0  0 100  0  0
procs -----------memory---------- ---swap-- -----io---- -system-- ------cpu-----
 r  b   swpd   free   buff  cache   si   so    bi    bo   in   cs us sy id wa st
 1  0      0 4539536  44636 4426772    0    0     0     0 1488 1741  1  3 96  0  0
 1  0      0 4539536  44636 4426772    0    0     0     0  414  364  0  0 100  0  0
 1  0      0 4539536  44636 4426772    0    0     0     0  496  336  1  1 98  0  0
 2  0      0 4539536  44636 4426772    0    0     0     0 1015 1676  0  1 99  0  0
 1  0      0 4539536  44636 4426772    0    0     0    24  408  237  0  1 99  0  0
 1  0      0 4539536  44636 4426772    0    0     0   272  574  229  0  2 98  0  0
 1  0      0 4539536  44636 4426772    0    0     0     0  422  201  0  0 100  0  0
 1  0      0 4539536  44636 4426772    0    0     0     0  378  159  0  0 100  0  0
 1  0      0 4539536  44636 4426772    0    0     0     0  427  273  0  1 99  0  0
 1  0      0 4539536  44636 4426772    0    0     0     8  485  562  0  0 100  0  0
 2  0      0 4539536  44636 4426772    0    0     0    16  514  288  1  3 96  0  0
 2  0      0 4539536  44636 4426772    0    0     0     4 2229 2629  2 12 86  0  0
 1  0      0 4539536  44636 4426772    0    0     0     0  706  897  0  0 99  0  0
 1  0      0 4539536  44636 4426772    0    0     0     0  495  351  1  0 99  0  0
 1  0      0 4539536  44636 4426772    0    0     0     0  405  212  0  0 100  0  0
 3  1      0 4539536  44636 4426772    0    0     0   124  507  514  0  1 99  0  0
 1  0      0 4539536  44636 4426772    0    0     0   200  448  246  0  1 99  0  0
 1  0      0 4539536  44636 4426772    0    0     0     0  390  169  0  0 100  0  0
 1  0      0 4539536  44636 4426772    0    0     0     0  459  214  0  1 99  0  0
 1  0      0 4539536  44636 4426772    0    0     0     0  617  608  0  0 100  0  0
 1  0      0 4539536  44636 4426772    0    0     0     0  381  192  0  0 100  0  0
procs -----------memory---------- ---swap-- -----io---- -system-- ------cpu-----
 r  b   swpd   free   buff  cache   si   so    bi    bo   in   cs us sy id wa st
 2  0      0 4539536  44636 4426772    0    0     0    36 1950 2245  3  3 94  0  0
 1  0      0 4539536  44636 4426772    0    0     0     0  466  438  0  1 99  0  0
 1  0      0 4539536  44636 4426772    0    0     0     0  509  411  1  0 98  0  0
 2  0      0 4539536  44636 4426772    0    0     0     0  508  379  2  0 98  0  0
 1  0      0 4539536  44636 4426772    0    0     0     0  534  381  2  0 98  0  0
 2  0      0 4539536  44636 4426772    0    0     0   276  519  346  1  0 99  0  0
 1  0      0 4539536  44636 4426772    0    0     0    80  466  420  1  0 99  0  0
 1  0      0 4539536  44636 4426772    0    0     0     0  388  248  0  0 100  0  0
 1  0      0 4539536  44636 4426772    0    0     0     0  341  177  0  0 100  0  0
 1  0      0 4539536  44636 4426772    0    0     0     0  350  159  0  0 100  0  0
 3  0      0 4539536  44636 4426772    0    0     0    36  603  453  0  1 99  0  0
 1  0      0 4539536  44636 4426772    0    0     0    64 1391 1497  0  3 97  0  0
 2  0      0 4539536  44636 4426772    0    0     0     0  481  360  1  1 99  0  0
 1  0      0 4539536  44636 4426772    0    0     0     0  546  360  1  0 98  0  0
 1  0      0 4539536  44636 4426772    0    0     0     0  374  238  0  0 100  0  0
 1  0      0 4539536  44636 4426772    0    0     0     8  346  175  0  0 100  0  0
 1  0      0 4539536  44636 4426772    0    0     0   376  637  546  2  1 97  0  0
 1  0      0 4539536  44636 4426772    0    0     0     0  370  188  0  0 100  0  0
 1  0      0 4539536  44636 4426772    0    0     0     0  485  337  2  0 98  0  0
 1  0      0 4539536  44636 4426772    0    0     0     0  425  249  1  0 99  0  0
 1  0      0 4539536  44636 4426772    0    0     0     0  509  296  1  0 99  0  0
procs -----------memory---------- ---swap-- -----io---- -system-- ------cpu-----
 r  b   swpd   free   buff  cache   si   so    bi    bo   in   cs us sy id wa st
 1  0      0 4539536  44636 4426772    0    0     0   124 1890 1913  1  4 96  0  0
 1  0      0 4539536  44636 4426772    0    0     0     0  460  310  1  1 98  0  0
 1  0      0 4539536  44636 4426772    0    0     0     0  404  283  0  0 100  0  0
 1  0      0 4539536  44636 4426772    0    0     0     0  552  325  0  0 99  0  0
 1  0      0 4539536  44636 4426772    0    0     0     4  342  164  0  0 100  0  0
 1  0      0 4539536  44636 4426772    0    0     0   316  410  250  0  1 99  0  0
 1  0      0 4539536  44636 4426772    0    0     0     0  378  244  0  0 99  0  0
 1  0      0 4539536  44636 4426772    0    0     0     0  349  210  0  0 100  0  0
 2  0      0 4539536  44636 4426772    0    0     0     0  526  418  2  0 98  0  0
 1  0      0 4539536  44636 4426772    0    0   588    32  795  454  1  1 97  0  0
 2  0      0 4539536  44636 4426772    0    0     0    28 1380 1523  1  1 98  0  0
 1  0      0 4539536  44636 4426772    0    0     0     0  545  356  0  0 100  0  0
 1  0      0 4539536  44636 4426772    0    0     0     0  356  170  0  0 100  0  0
 1  0      0 4539536  44636 4426772    0    0     0     0  397  220  0  0 100  0  0
 2  0      0 4539536  44636 4426772    0    0     0   444  494  295  1  0 99  0  0
 1  0      0 4539536  44636 4426772    0    0     0     0  558  389  2  0 98  0  0
 1  0      0 4539536  44636 4426772    0    0     0     0  998  806  1  2 97  0  0
 1  0      0 4539536  44636 4426772    0    0     0   308 1055  647  1  1 97  1  0
 1  0      0 4539536  44636 4426772    0    0     0     0  661  282  0  1 99  0  0
 1  0      0 4539536  44636 4426772    0    0     0   108  666  273  0  0 100  0  0
 1  0      0 4539536  44636 4426772    0    0     0     0  637  271  0  0 100  0  0
procs -----------memory---------- ---swap-- -----io---- -system-- ------cpu-----
 r  b   swpd   free   buff  cache   si   so    bi    bo   in   cs us sy id wa st
 1  0      0 4539536  44636 4426772    0    0     0     0 1843 1994  1  3 96  0  0
 1  0      0 4539536  44636 4426772    0    0     0     0  316  126  0  0 100  0  0
 1  0      0 4539536  44636 4426772    0    0     0    24  764 1408  0  1 99  0  0
 1  0      0 4539536  44636 4426772    0    0     0     0  446  475  0  0 100  0  0
 1  0      0 4539536  44636 4426772    0    0     0     0  415  176  0  0 100  0  0
 1  0      0 4539536  44636 4426772    0    0     0   260  453  241  0  0 99  0  0
 1  0      0 4539536  44636 4426772    0    0     0     0  398  158  0  0 100  0  0
 1  0      0 4539536  44636 4426772    0    0     0    12  358  167  0  0 100  0  0
 1  0      0 4539536  44636 4426772    0    0     0    12  373  183  0  0 100  0  0
 1  0      0 4539536  44636 4426772    0    0     0     0  411  248  0  1 99  0  0
 2  0      0 4539536  44636 4426772    0    0     0     8 1529 1437  2  8 91  0  0
 1  0      0 4539536  44636 4426772    0    0     0     0  809  791  1  4 95  0  0
 1  0      0 4539536  44636 4426772    0    0     0     0  453  242  0  1 99  0  0
 1  0      0 4539536  44636 4426772    0    0     0     0  416  199  0  1 99  0  0
 1  0      0 4539536  44636 4426772    0    0     0    24  368  184  0  0 99  0  0
 1  0      0 4539536  44636 4426772    0    0     0   280  474  223  0  1 99  0  0
 1  0      0 4539536  44636 4426772    0    0     0     0  369  191  0  1 99  0  0
 1  0      0 4539536  44636 4426772    0    0     0     0  349  164  0  0 100  0  0
 1  0      0 4539536  44636 4426772    0    0     0     0  352  172  0  0 100  0  0
 1  0      0 4539536  44636 4426772    0    0     0     8  359  163  0  0 100  0  0
 1  0      0 4539536  44636 4426772    0    0     0    16  566  429  1  3 96  0  0
procs -----------memory---------- ---swap-- -----io---- -system-- ------cpu-----
 r  b   swpd   free   buff  cache   si   so    bi    bo   in   cs us sy id wa st
 3  0      0 4539536  44636 4426772    0    0     0     0 1465 1091  2 11 87  0  0
 1  0      0 4539536  44636 4426772    0    0     0     0 1432 1551  1  8 90  0  0
 1  0      0 4539536  44636 4426772    0    0     0     0  371  177  0  1 99  0  0
 1  0      0 4539536  44636 4426772    0    0     0     0  382  176  0  0 100  0  0
 1  0      0 4539536  44636 4426772    0    0     0   348  564  281  0  3 96  1  0
 1  0      0 4539536  44636 4426772    0    0     0     0  432  269  0  1 99  0  0
 0 100  0  0
